C20
20
0.0559911 0.0514825 0.0812922 0.0721977 0.0556719 0.0331003 0.0589502 0.0263757 0.0307584 0.0376701 0.0303058 0.0808776 0.0263349 0.0579101 0.0371248 0.0586868 0.0561479 0.0349811 0.0544937 0.0596472
A C D E F G H I K L M N P Q R S T V W Y
0.0862413 0.0130505 0.0329909 0.0184527 0.00441553 0.0366905 0.0108013 0.00979071 0.0220195 0.0112826 0.00878215 0.0791293 0.0189273 0.0169047 0.0171944 0.317815 0.27117 0.0179753 0.00153173 0.00483429
0.203558 0.0348667 0.00316561 0.00708594 0.0112429 0.0195236 0.0024392 0.115257 0.00423808 0.0789777 0.0309187 0.00770524 0.0164189 0.00640441 0.00509808 0.0496777 0.111895 0.284906 0.00177626 0.00484482
0.0211547 0.00481886 0.000549287 0.00145396 0.0128252 0.00114309 0.00113464 0.392846 0.00135799 0.125064 0.0209789 0.0012755 0.00202472 0.00123288 0.00149462 0.00262407 0.0171914 0.386068 0.00115911 0.0036028
0.0376904 0.00640738 0.0109469 0.0358365 0.00363498 0.0191107 0.0329514 0.0101712 0.289763 0.0237496 0.00965289 0.0365411 0.0105337 0.0893564 0.28852 0.0356314 0.0355927 0.0144622 0.00279252 0.00665572
0.00845978 0.0084909 0.00244879 0.00250555 0.342046 0.00242771 0.0433214 0.0097713 0.0026741 0.0380507 0.00807248 0.00725259 0.00214187 0.00427815 0.00535899 0.00804189 0.00553221 0.012141 0.049484 0.4375
0.17599 0.00175587 0.130126 0.218217 0.0025277 0.0409535 0.0130708 0.00856221 0.0542946 0.0159531 0.00540458 0.0332846 0.037102 0.0707184 0.0290429 0.0793481 0.0540083 0.0249553 0.00105921 0.00362591
0.16344 0.00886599 0.0374273 0.0220612 0.00306413 0.529672 0.00900061 0.00175694 0.0167118 0.00611563 0.00293908 0.0438702 0.0126458 0.0137555 0.0195541 0.0829343 0.0142836 0.00579857 0.00286407 0.00323983
0.0917469 0.0284015 0.0133819 0.0196876 0.0998479 0.0249899 0.0449766 0.0583556 0.0164916 0.115501 0.0395995 0.0290699 0.0209916 0.0255085 0.0265853 0.0736483 0.0661518 0.0831856 0.0246464 0.0972327
0.0646701 0.00771176 0.0168734 0.0544978 0.0219148 0.0148894 0.0313852 0.0505983 0.0907931 0.184428 0.077484 0.0228907 0.0105004 0.0996415 0.0988016 0.0321196 0.0411766 0.0505824 0.0084303 0.0206106
0.0135994 0.010009 0.00079517 0.00180118 0.264097 0.00267946 0.00724019 0.0814027 0.00251581 0.366142 0.0734965 0.00184694 0.00389941 0.00464208 0.00434084 0.00436688 0.00752485 0.0573473 0.0261565 0.0660971
0.147804 0.00488258 0.0534743 0.0727246 0.00299039 0.0907726 0.0262289 0.00357811 0.105166 0.0126777 0.00596218 0.072663 0.0156558 0.0757166 0.0842845 0.14599 0.0634877 0.00927198 0.00159285 0.00507607
0.0186377 0.00549689 0.00083297 0.00202485 0.0385383 0.00217135 0.0023666 0.202081 0.00291207 0.437038 0.124186 0.00198652 0.00406723 0.00658901 0.00420552 0.00461774 0.0149904 0.118938 0.00268717 0.00563241
0.0477624 0.00757917 0.0141349 0.0462688 0.0130691 0.00523279 0.0165352 0.17415 0.0577575 0.112125 0.0330288 0.0209574 0.0124375 0.0429297 0.0505743 0.0264989 0.0951755 0.20937 0.00316605 0.0112466
0.416419 0.0406938 0.00451317 0.00632298 0.00484384 0.0946185 0.00310574 0.00764432 0.00389418 0.00998854 0.00693232 0.00917014 0.0187841 0.00613205 0.00561008 0.236077 0.0746275 0.0459225 0.00121726 0.00348258
0.0402296 0.0124783 0.0365524 0.0372197 0.0459095 0.0233618 0.210831 0.00934787 0.0482411 0.0360561 0.010029 0.103665 0.0098504 0.0826558 0.0735203 0.0533383 0.0310209 0.015248 0.0140077 0.106438
0.0323453 0.00359763 0.24315 0.0710274 0.00244293 0.101607 0.0366225 0.00314108 0.0470129 0.00519805 0.00240287 0.252045 0.00948378 0.0330831 0.0236283 0.0848355 0.0359083 0.00487046 0.000873093 0.00672477
0.147626 0.00323272 0.0403052 0.0576893 0.00471772 0.0330851 0.0146393 0.0108267 0.0451351 0.0256201 0.00586514 0.0211973 0.347371 0.0371554 0.0334507 0.0892065 0.0485899 0.0282336 0.00163587 0.00441772
0.103145 0.00617625 0.0386402 0.0923369 0.00676664 0.0202338 0.0246762 0.0376904 0.0921699 0.0376284 0.0161883 0.0435172 0.0128302 0.0786603 0.0717748 0.095145 0.137857 0.0740454 0.00221447 0.00830416
0.0837543 0.00207351 0.0804871 0.194776 0.00230634 0.022903 0.0268459 0.00740798 0.145929 0.019025 0.00673952 0.0518811 0.0085616 0.14565 0.0899383 0.045574 0.0451081 0.0150303 0.00107713 0.00493253
0.0578736 0.00111308 0.294674 0.34021 0.00170349 0.0293911 0.0139817 0.00305257 0.0363365 0.00626119 0.0027296 0.0491422 0.0156106 0.059825 0.0138314 0.0358045 0.0249942 0.00876742 0.000866434 0.0038313
